# Created by Octave 4.2.1, Mon Sep 04 14:24:08 2017 EDT <i834123@ZZZM00656602A>
# name: r
# type: matrix
# rows: 1000
# columns: 1
 1.33167785593221
 -1.071128360430759
 0.6379945539810987
 -0.9145602099978847
 0.1863235049613124
 0.2154554372292979
 -0.8542489390580135
 0.5359914229617729
 -0.6773641874317714
 -0.2499437857031246
 0.7972722127762413
 1.912141448532469
 1.112482762215395
 -0.7617553138269831
 0.01768226628216456
 2.025066429174369
 -0.525154268010121
 -0.3317682782654837
 -1.514226996943146
 -0.0681918281494439
 -0.1524615914984339
 -0.262364076891609
 0.4479024902244464
 -0.8796167690541495
 -1.191495307222824
 -1.458999978381402
 -0.2376024505618952
 -0.638694436645977
 0.4703586402423948
 -1.533979951914226
 1.189451674872061
 -0.3962256935644869
 0.04547828720966503
 -2.084953272856403
 0.6595687611253505
 0.8864625174561526
 0.81079287666433
 0.6032134971910065
 -0.7705768942521577
 0.4429478444982895
 -0.4467418316628129
 -1.341242249519578
 1.181705158929387
 0.8235969099861455
 -1.138835828631394
 0.1274395825875136
 1.510239464194238
 0.5586190802856877
 0.5871593846693252
 -0.5445221627913639
 2.755796493573464
 1.279057752094021
 -1.816094448910139
 1.874436452658189
 -0.2791181952624588
 -0.9690857400036369
 -0.8051080972249176
 0.5588689826974891
 -0.2982897622272617
 0.3851508733630984
 0.5057456619400185
 -0.9233525438795095
 1.426662932808074
 -0.470627871147365
 1.252993787840788
 -0.4361744150258201
 -0.3647325721767247
 0.278254719811933
 -0.1609686104583719
 -0.1562578936104066
 2.86640699410131
 -0.5270988862684187
 -2.093762480439604
 -0.3021417755677886
 0.1056571033581536
 0.4389518677823058
 -1.358914783398691
 -0.8328691351297793
 0.07010642075979029
 -0.1739691296703769
 -0.0003026656238670822
 0.1525716779393634
 0.2877139417544329
 -1.117625203163821
 0.03349601358589542
 -0.005670083383651619
 0.2620089763685876
 -0.5915557891153383
 0.514166286100933
 -0.5917442621228245
 -0.9272288000074147
 0.684656285848277
 0.8827050108791905
 1.264795387973802
 -0.1114742331120083
 -0.5057803575913214
 -1.440626049058114
 -0.5118085070921345
 0.7680744926897373
 -0.8515813611579243
 -1.603565796006501
 -0.7605333109147714
 -0.816659990397042
 -0.5197468201961672
 -0.4019941171891745
 0.285359752099353
 -0.4720847072120235
 -1.432073240546126
 -0.2435440724537266
 0.1102273803890137
 1.225621422172708
 1.597178163179504
 -1.389033944928787
 0.5786317964841264
 0.2084466865776991
 -1.410982807360869
 -0.1180999332084728
 -0.3513869261861201
 0.2029913000650832
 -0.681966440509077
 -1.181172078298313
 0.285097439478615
 -2.09427876336106
 -1.671414129518305
 0.3763554314633505
 0.4331905297105283
 1.182323661460696
 0.7653562215551305
 -1.213119057849761
 -0.02687182352408474
 -1.330882244056066
 0.4292207086877924
 -0.04084616710335932
 -0.7767901497593866
 0.266775298164932
 0.4375519615033328
 0.05454557194029029
 -0.3621853635410095
 0.7703714307370322
 -1.247154524084238
 0.1569117105937866
 2.142604815860009
 -0.1006592025007015
 -0.8780821869494271
 -0.0116619066599224
 0.220620948220079
 0.5426735932025339
 -1.217810802830557
 -0.06593311233995273
 -0.3398958224308593
 -0.06294610565834216
 -0.4939803603157396
 -0.03451257371314607
 0.7062521252724202
 0.8594807437562256
 -0.3440740344225454
 -0.239279523170958
 0.5775907515372342
 -0.4419475477600701
 0.3512940512435063
 -0.1641418952910345
 0.7340412115971905
 2.010874624663848
 -0.374233932419596
 0.4368633777399395
 -0.757766834956315
 0.4760836708542655
 0.7596025279364054
 -0.3968931857200932
 1.51048337183982
 -1.771673851446413
 0.9015857307766113
 -0.6835894502396462
 -2.17655497111479
 -0.5358981936496849
 0.1438919805389884
 -0.06226360166368398
 -0.4572835119031469
 -1.415940404446944
 -0.2705175208001871
 -0.3600000765168167
 0.5477135891634788
 -0.961769738617313
 0.9422702106414407
 0.3798407432857591
 0.899227289817225
 -2.282683127980072
 -0.8327152562197453
 0.2689024725704043
 0.8996358403877963
 1.264217938431217
 0.3058479316908237
 0.9775952815608392
 -0.8542286151847015
 0.9520620026332578
 2.386796169156816
 0.2944976789525913
 0.03299922720255543
 0.03089758060682677
 -0.6138030223331319
 -1.472587506621242
 -0.8606527391504747
 -0.6238808915689454
 1.308364550573614
 -0.2140073505504712
 -0.5926981949845037
 -1.173272762795786
 0.4248593862777275
 1.385207257424399
 0.1598938955182201
 1.116067134450163
 0.2843811399021638
 0.2330963619402481
 -0.2413151306666622
 0.0591369929765447
 0.3644037290062561
 0.9868467097760797
 -0.7113480052365865
 -1.085205893161961
 -1.772763294294108
 -0.02858307968787376
 0.4091634302711953
 -1.412449819826351
 -0.858223191977311
 0.5237356050115165
 -1.439330863647777
 1.241741505210608
 -0.7002979083055112
 -0.09576458837365111
 0.922138857283398
 -0.1574629531156397
 0.7622688480169558
 0.7890962862699072
 -0.1929330434091536
 0.005252228616755912
 0.4336090757025465
 0.1093011689206974
 1.711449575278637
 -0.4594421361435788
 0.1735694344234346
 -0.4769998765703463
 0.2251903235536127
 -0.3188376280002255
 -0.5244504738028879
 -2.443872720897328
 -0.1480806286585699
 0.4097620580554069
 -1.960972785170944
 1.471195077901076
 -1.159461049768617
 -0.3401145924536107
 -0.1381077802371339
 1.652617121442494
 -1.060702713556226
 -0.2599037857947501
 0.3040251687353006
 -1.382911005998661
 0.5453283197348685
 -0.2406681168254686
 1.171832908275378
 -0.3842788264740938
 0.5958880282391839
 -1.169031132750777
 -0.630988016064628
 -0.9718701251353903
 -1.343908738217644
 -2.090731608670675
 -1.460968591128349
 1.054256176573988
 0.5030738042004941
 1.235656762724507
 -1.047286969686057
 0.2707352842811523
 1.00220179642867
 -1.300632945870817
 -1.047009213012036
 -1.211557900615369
 -0.2941817750939603
 1.303902774384938
 -0.519018489486252
 0.6760655980328978
 1.151931868156725
 0.6797367303926946
 -1.139689866317424
 0.6889936716487188
 -1.713782548881492
 -0.1319323255735424
 -0.3524501557513766
 -1.308897444385609
 -1.220467851019717
 0.8324349025991127
 0.9326710690625812
 1.026273448858896
 2.133331672792017
 0.2698504139962936
 -1.208152974557116
 0.9158125387177998
 -0.2816085809153275
 0.7259461823325214
 -1.255477068134573
 0.6743459028477814
 0.5901344544085967
 -0.2594303546746019
 0.7226250214307725
 -0.009100126907709723
 0.7210513328254897
 -0.3090918505529807
 0.6794177013278012
 0.1749175590809267
 1.498396087563245
 0.8456721105274856
 -1.275681412652666
 -1.219026034741007
 0.2551564951296328
 1.415129685208119
 -0.9573511915896999
 -0.03728449844964123
 -0.7123831541844874
 0.02137198419869744
 -1.018511187284887
 -0.014238503072783
 1.045770824277664
 -0.9360049358205447
 -2.687653071651592
 0.1431735574637915
 -1.540808909069932
 -0.5979178992143137
 -1.012755236222256
 -0.2926370925844565
 -1.560194435118706
 -0.1937599272146512
 -0.01986827152145355
 -0.4809623801691483
 0.720338498423318
 0.7216956963657929
 0.7225331771734208
 0.9507260070215348
 -0.3038519669138715
 0.1145832136851582
 -1.4885007985362
 -0.9088550323150557
 1.488746632633061
 -0.4749635037703393
 -1.136530733806143
 0.4306870778834012
 -1.548381254748867
 -0.7382171679619899
 0.5747377813332541
 1.220713741967127
 1.30069693131969
 0.755098907740004
 1.542959462784432
 1.431070412192014
 -0.6473736162015621
 0.8254401209049976
 -0.8116711539899134
 1.516612794004007
 0.0268483780052486
 -1.167716151980681
 0.1019447088627306
 0.6558312078699104
 0.4303744078853726
 -2.233702474597165
 -0.533610128787235
 -0.8398559111824474
 0.5739209775447385
 -0.3540248673065216
 0.5969039894152596
 -0.03826174231773604
 -0.5918893003341703
 0.2597794383601578
 0.7777956809196274
 -2.556766922722848
 -0.499244436181647
 0.2168171675196116
 0.1717627005733067
 0.07691538813142637
 -0.7174014853048813
 -0.7916406376645133
 -1.847959255899252
 0.5382787414622964
 0.108645278190935
 -1.035177719036347
 0.1141480061929695
 -0.5385855336111768
 0.1339146950353002
 -0.4818382809071287
 -1.23593235417322
 -0.394947980700466
